anchored threshold from the main run: 0.051495

alpha  u      | h(200)   h(400)   diff     | A(200)   A(400)  
--------------------------------------------------------------------
0.765    2.0 | 0.4261   0.4200   -0.0062  | 0.4390   0.4437
0.765    3.5 | 0.4261   0.4200   -0.0062  | 0.4390   0.4437
0.765    4.5 | 0.4284   0.4161   -0.0123  | 0.4373   0.4467
0.765    5.5 | 0.4557   0.4556   -0.0001  | 0.4164   0.4165
0.765    6.5 | 0.4380   0.4375   -0.0004  | 0.4299   0.4303
0.765    8.0 | 0.4376   0.4376   -0.0000  | 0.4302   0.4302
0.765   12.0 | 0.4376   0.4376   -0.0000  | 0.4302   0.4302
0.911    2.0 | 0.4072   0.4069   -0.0002  | 0.5401   0.5403
0.911    3.5 | 0.4073   0.4065   -0.0008  | 0.5399   0.5407
0.911    4.5 | 0.4402   0.4399   -0.0003  | 0.5100   0.5103
0.911    5.5 | 0.4399   0.4380   -0.0019  | 0.5102   0.5120
0.911    6.5 | 0.4351   0.4333   -0.0018  | 0.5146   0.5163
0.911    8.0 | 0.4351   0.4333   -0.0018  | 0.5146   0.5163
0.911   12.0 | 0.4351   0.4333   -0.0018  | 0.5146   0.5163
--------------------------------------------------------------------
largest move in the cell hardship rate  0.0123
largest move in the cell agency value   0.0094
DONE
