FR, HFCS 2021: median liquid wealth / after-tax income 0.059 narrow (0.380 broad); hand-to-mouth, one-week rule 0.222 narrow (0.114 broad); self-reported MPC 0.392
 beta_bar   share  beta_low |      phi    liq/inc     htm     MPC   MPC htm  MPC rest  job drop    p90/inc
    0.960    0.00      0.00 |    6.654     0.3908   0.030   0.166     0.424     0.158     0.132      1.986
    0.950    0.00      0.00 |    6.710     0.2109   0.060   0.222     0.410     0.210     0.182      0.927
    0.940    0.00      0.00 |    6.721     0.1424   0.112   0.269     0.400     0.253     0.226      0.503
    0.930    0.00      0.00 |    6.718     0.0986   0.187   0.311     0.407     0.289     0.262      0.303
    0.920    0.00      0.00 |    6.710     0.0647   0.275   0.349     0.427     0.320     0.292      0.200
    0.910    0.00      0.00 |    6.702     0.0372   0.366   0.386     0.456     0.345     0.316      0.139
    0.900    0.00      0.00 |    6.694     0.0148   0.562   0.420     0.465     0.361     0.335      0.089
    0.880    0.00      0.00 |    6.685     0.0000   0.949   0.508     0.515     0.375     0.358      0.014
    0.950    0.10      0.85 |    6.707     0.1841   0.154   0.267     0.583     0.210     0.200      0.866
    0.940    0.10      0.85 |    6.717     0.1264   0.200   0.310     0.538     0.253     0.239      0.472
    0.960    0.15      0.85 |    6.659     0.2921   0.176   0.243     0.638     0.158     0.167      1.793
DONE
