FR national G+S+A: participation 0.2330, agency 0.9902, protection 0.8634, hardship 0.1277 | 14 TL2 regions

composition, access, conversion  [20.7 min]
  region  pop % tertiary    part.  unempl.   agency    prot. hardship   mult 
  FR1      18.2    0.448   0.3011   0.0732   1.2179   1.0706   0.1419    1.9 
  FRB       3.8    0.317   0.2204   0.0533   0.9412   0.8095   0.1509    1.8 
  FRC       4.1    0.281   0.2126   0.0645   0.9267   0.8069   0.1251    1.8 
  FRD       4.9    0.297   0.2156   0.0649   0.9358   0.8151   0.1260    1.8 
  FRE       8.7    0.301   0.1960   0.0722   0.8733   0.7631   0.1143    1.8 
  FRF       8.1    0.285   0.2117   0.0560   0.9140   0.7817   0.1535    1.8 
  FRG       5.7    0.323   0.2180   0.0568   0.9372   0.8128   0.1364    1.8 
  FRH       5.1    0.328   0.2216   0.0466   0.9390   0.8000   0.1723    1.8 
  FRI       9.0    0.327   0.2237   0.0622   0.9586   0.8346   0.1310    1.8 
  FRJ       9.0    0.347   0.2166   0.0634   0.9317   0.8083   0.1327    1.8 
  FRK      12.0    0.367   0.2335   0.0591   0.9853   0.8559   0.1394    1.8 
  FRL       7.7    0.325   0.2506   0.0613   1.0461   0.9071   0.1414    1.8 
  FRM       0.5    0.242   0.2266   0.0590   0.9723   0.8406   0.1341    1.8 
  FRY       3.3    0.196   0.1466   0.1575   0.7532   0.6806   0.1151    1.6 
  together: participation 0.2331 (national economy 0.2330), agency 0.9903, hardship 0.1375
DONE
