DE national G+S+A: participation 0.2801, agency 0.9900, protection 0.6721, hardship 0.2751 | 16 TL2 regions

composition, access, conversion  [19.2 min]
  region  pop % tertiary    part.  unempl.   agency    prot. hardship   mult 
  DE1      13.5    0.304   0.2958   0.0246   1.0466   0.7068   0.2992    1.8 
  DE2      15.9    0.303   0.3104   0.0216   1.0988   0.7225   0.3641    1.8 
  DE3       4.4    0.377   0.2655   0.0476   0.9499   0.7004   0.1347    1.8 
  DE4       3.1    0.253   0.2589   0.0282   0.9119   0.6039   0.3066    1.8 
  DE5       0.8    0.253   0.2494   0.0390   0.8880   0.6377   0.1670    1.8 
  DE6       2.2    0.337   0.2978   0.0385   1.0635   0.7617   0.1809    1.8 
  DE7       7.5    0.279   0.2866   0.0249   1.0111   0.6721   0.3221    1.8 
  DE8       1.9    0.222   0.2530   0.0270   0.8887   0.5677   0.3575    1.8 
  DE9       9.6    0.259   0.2712   0.0258   0.9557   0.6385   0.3061    1.8 
  DEA      21.6    0.253   0.2718   0.0320   0.9621   0.6657   0.2341    1.8 
  DEB       4.9    0.261   0.2741   0.0250   0.9654   0.6393   0.3242    1.8 
  DEC       1.2    0.220   0.2487   0.0316   0.8801   0.6081   0.2299    1.8 
  DED       4.8    0.275   0.2534   0.0348   0.8933   0.5955   0.2672    1.8 
  DEE       2.6    0.199   0.2481   0.0366   0.8762   0.5970   0.2332    1.8 
  DEF       3.5    0.249   0.2858   0.0275   1.0099   0.6828   0.2853    1.8 
  DEG       2.5    0.238   0.2510   0.0283   0.8835   0.5795   0.3155    1.8 
  together: participation 0.2799 (national economy 0.2801), agency 0.9897, hardship 0.2852
DONE
