IT national G+S+A: participation 0.1245, agency 0.9664, protection 0.5699, hardship 0.1975 | 21 TL2 regions

composition, access, conversion  [11.2 min]
  region  pop % tertiary    part.  unempl.   agency    prot. hardship   mult   volunteering
  ITC1      7.2    0.167   0.1345   0.0665   1.0696   0.6216   0.2201    1.3   9.6
  ITC2      0.2    0.166   0.1286   0.0423   1.0118   0.5139   0.4403    1.3   10.8
  ITC3      2.6    0.185   0.1302   0.0505   1.0267   0.5669   0.2939    1.3   8.7
  ITC4     17.0    0.186   0.1405   0.0308   1.1452   0.5535   0.5600    1.4   10.3
  ITF1      2.2    0.194   0.1154   0.0697   0.8647   0.4870   0.2296    1.3   7.2
  ITF2      0.5    0.174   0.1094   0.0695   0.7991   0.4049   0.3510    1.3   6.5
  ITF3      9.5    0.148   0.1031   0.1547   0.7485   0.5143   0.1959    1.3   4.9
  ITF4      6.6    0.146   0.1059   0.1103   0.7702   0.4819   0.1871    1.3   6.3
  ITF5      0.9    0.161   0.1035   0.0601   0.7537   0.4049   0.2664    1.3   8.5
  ITF6      3.1    0.147   0.1021   0.1124   0.7353   0.4620   0.1877    1.3   5.8
  ITG1      8.1    0.133   0.1052   0.1363   0.7641   0.5041   0.1908    1.3   5.0
  ITG2      2.7    0.145   0.1125   0.1049   0.8480   0.5579   0.1667    1.3   7.8
  ITH1      0.9    0.148   0.1525   0.0192   1.2979   0.6028   0.6598    1.4   14.7
  ITH2      0.9    0.189   0.1289   0.0242   1.0221   0.4882   0.5688    1.3   20.1
  ITH3      8.2    0.172   0.1286   0.0377   1.0152   0.5270   0.4148    1.3   11.4
  ITH4      2.0    0.190   0.1313   0.0504   1.0340   0.5445   0.3694    1.3   11.0
  ITH5      7.6    0.200   0.1370   0.0436   1.1019   0.5966   0.3445    1.3   10.5
  ITI1      6.2    0.188   0.1274   0.0472   0.9991   0.5476   0.3070    1.3   9.0
  ITI2      1.4    0.197   0.1232   0.0491   0.9524   0.5224   0.2965    1.3   9.0
  ITI3      2.5    0.196   0.1224   0.0567   0.9435   0.5379   0.2380    1.3   8.3
  ITI4      9.7    0.225   0.1285   0.0599   0.9969   0.5418   0.2971    1.3   6.9
  together: participation 0.1240 (national economy 0.1245), agency 0.9641, hardship 0.3224
  untargeted test: correlation of model participation with volunteering across regions 0.67; log-log slope 0.26; population-weighted spread (sd of log) model 0.117, data 0.309

with community, epsilon 0.3  [0.2 min]
  region  pop % tertiary    part.  unempl.   agency    prot. hardship   mult   volunteering
  ITC1      7.2    0.167   0.1405   0.0665   1.0696   0.6217   0.2206    1.3   9.6
  ITC2      0.2    0.166   0.1572   0.0423   1.0118   0.5141   0.4428    1.3   10.8
  ITC3      2.6    0.185   0.1366   0.0505   1.0267   0.5670   0.2945    1.3   8.7
  ITC4     17.0    0.186   0.1381   0.0308   1.1452   0.5534   0.5598    1.4   10.3
  ITF1      2.2    0.194   0.1184   0.0697   0.8647   0.4870   0.2297    1.3   7.2
  ITF2      0.5    0.174   0.1143   0.0695   0.7991   0.4049   0.3514    1.3   6.5
  ITF3      9.5    0.148   0.0809   0.1547   0.7485   0.5143   0.1954    1.3   4.9
  ITF4      6.6    0.146   0.0955   0.1103   0.7702   0.4819   0.1868    1.3   6.3
  ITF5      0.9    0.161   0.1071   0.0601   0.7537   0.4049   0.2667    1.3   8.5
  ITF6      3.1    0.147   0.0949   0.1124   0.7353   0.4620   0.1875    1.3   5.8
  ITG1      8.1    0.133   0.0970   0.1363   0.7640   0.5041   0.1906    1.3   5.0
  ITG2      2.7    0.145   0.1176   0.1049   0.8480   0.5579   0.1668    1.3   7.8
  ITH1      0.9    0.148   0.1801   0.0192   1.2979   0.6032   0.6615    1.3   14.7
  ITH2      0.9    0.189   0.1567   0.0242   1.0222   0.4884   0.5709    1.3   20.1
  ITH3      8.2    0.172   0.1348   0.0377   1.0152   0.5270   0.4154    1.3   11.4
  ITH4      2.0    0.190   0.1503   0.0504   1.0340   0.5447   0.3711    1.3   11.0
  ITH5      7.6    0.200   0.1421   0.0436   1.1019   0.5967   0.3450    1.3   10.5
  ITI1      6.2    0.188   0.1367   0.0472   0.9991   0.5476   0.3078    1.3   9.0
  ITI2      1.4    0.197   0.1358   0.0491   0.9524   0.5225   0.2975    1.3   9.0
  ITI3      2.5    0.196   0.1342   0.0567   0.9435   0.5379   0.2388    1.3   8.3
  ITI4      9.7    0.225   0.1224   0.0599   0.9969   0.5418   0.2966    1.4   6.9
  together: participation 0.1231 (national economy 0.1245), agency 0.9641, hardship 0.3226
  untargeted test: correlation of model participation with volunteering across regions 0.81; log-log slope 0.51; population-weighted spread (sd of log) model 0.193, data 0.309

with community, epsilon 0.5  [0.2 min]
  region  pop % tertiary    part.  unempl.   agency    prot. hardship   mult   volunteering
  ITC1      7.2    0.167   0.1446   0.0665   1.0696   0.6217   0.2209    1.3   9.6
  ITC2      0.2    0.166   0.1773   0.0423   1.0118   0.5143   0.4445    1.2   10.8
  ITC3      2.6    0.185   0.1410   0.0505   1.0267   0.5670   0.2948    1.3   8.7
  ITC4     17.0    0.186   0.1364   0.0308   1.1452   0.5534   0.5597    1.4   10.3
  ITF1      2.2    0.194   0.1204   0.0697   0.8647   0.4871   0.2298    1.3   7.2
  ITF2      0.5    0.174   0.1176   0.0695   0.7991   0.4049   0.3517    1.3   6.5
  ITF3      9.5    0.148   0.0678   0.1547   0.7485   0.5143   0.1951    1.4   4.9
  ITF4      6.6    0.146   0.0889   0.1103   0.7702   0.4819   0.1867    1.3   6.3
  ITF5      0.9    0.161   0.1094   0.0601   0.7537   0.4049   0.2669    1.3   8.5
  ITF6      3.1    0.147   0.0903   0.1124   0.7353   0.4620   0.1874    1.3   5.8
  ITG1      8.1    0.133   0.0917   0.1363   0.7640   0.5040   0.1905    1.3   5.0
  ITG2      2.7    0.145   0.1211   0.1049   0.8480   0.5579   0.1669    1.3   7.8
  ITH1      0.9    0.148   0.1993   0.0192   1.2979   0.6036   0.6627    1.3   14.7
  ITH2      0.9    0.189   0.1763   0.0242   1.0222   0.4885   0.5723    1.2   20.1
  ITH3      8.2    0.172   0.1390   0.0377   1.0152   0.5270   0.4157    1.3   11.4
  ITH4      2.0    0.190   0.1635   0.0504   1.0340   0.5447   0.3723    1.3   11.0
  ITH5      7.6    0.200   0.1455   0.0436   1.1019   0.5967   0.3453    1.3   10.5
  ITI1      6.2    0.188   0.1430   0.0472   0.9991   0.5477   0.3084    1.3   9.0
  ITI2      1.4    0.197   0.1445   0.0491   0.9524   0.5225   0.2982    1.3   9.0
  ITI3      2.5    0.196   0.1424   0.0567   0.9435   0.5380   0.2394    1.3   8.3
  ITI4      9.7    0.225   0.1184   0.0599   0.9969   0.5417   0.2963    1.4   6.9
  together: participation 0.1228 (national economy 0.1245), agency 0.9641, hardship 0.3227
  untargeted test: correlation of model participation with volunteering across regions 0.83; log-log slope 0.68; population-weighted spread (sd of log) model 0.255, data 0.309
DONE
