 5 discount points: families built in 1.1 min
15 discount points: families built in 3.4 min

sigma   | 5 discount points         | 15 discount points       
        | kappa   rootloss slope    | kappa   rootloss slope   
------------------------------------------------------------------
0.330   | 10.02   0.1899   0.9280   | 10.02   0.1893   0.9285  
0.340   | 10.00   0.1278   0.9901   | 10.00   0.1233   0.9953  
0.350   | 9.96    0.1371   0.9606   | 9.96    0.1363   0.9605  
0.360   | 9.94    0.0899   0.9827   | 9.94    0.0886   0.9844  
0.370   | 9.92    0.0667   0.9782   | 9.92    0.0659   0.9780  
0.380   | 9.92    0.0335   0.9854   | 9.92    0.0339   0.9852  
0.390   | 9.90    0.0316   0.9551   | 9.90    0.0314   0.9557  
0.400   | 9.90    0.0257   0.9410   | 9.90    0.0257   0.9408  
0.410   | 9.90    0.0290   0.9233   | 9.90    0.0290   0.9232  
0.420   | 9.90    0.0327   0.9059   | 9.90    0.0327   0.9058  
0.430   | 9.88    0.0343   0.8853   | 9.88    0.0343   0.8852  
0.440   | 9.88    0.0364   0.8697   | 9.88    0.0364   0.8696  
0.450   | 9.88    0.0387   0.8532   | 9.88    0.0388   0.8536  
0.460   | 9.88    0.0411   0.8375   | 9.88    0.0411   0.8374  
0.470   | 9.88    0.0434   0.8222   | 9.88    0.0434   0.8221  
0.480   | 9.88    0.0456   0.8073   | 9.88    0.0456   0.8072  
0.490   | 9.88    0.0477   0.7928   | 9.88    0.0478   0.7927  
0.500   | 9.88    0.0498   0.7788   | 9.88    0.0498   0.7787  
0.510   | 9.88    0.0519   0.7652   | 9.88    0.0519   0.7651  
0.520   | 9.90    0.0538   0.7531   | 9.90    0.0538   0.7531  

 5 points: kappa 9.90 sigma 0.400 rootloss 0.0257 | rate 0.3513 groups 0.269/0.433 | slope 0.9410 mult 16.9 ratio 0.862 stable 1
15 points: kappa 9.90 sigma 0.400 rootloss 0.0257 | rate 0.3515 groups 0.270/0.433 | slope 0.9408 mult 16.9 ratio 0.862 stable 1

roughness of the loss surface, mean absolute change in slope between adjacent sigma:
   5 points: 0.0188
  15 points: 0.0195
DONE
