sigma   |                   nq = 2000                   nq = 8000                  nq = 32000
        |     kappa rootloss    slope     kappa rootloss    slope     kappa rootloss    slope
--------------------------------------------------------------------------------------------
0.360   |      9.94   0.0899   0.9827      9.94   0.0921   0.9808      9.94   0.0927   0.9808
0.365   |      9.92   0.1088   0.9569      9.92   0.1098   0.9569      9.92   0.1100   0.9568
0.370   |      9.92   0.0667   0.9782      9.92   0.0686   0.9767      9.92   0.0691   0.9767
0.375   |      9.92   0.0184   0.9915      9.92   0.0202   0.9900      9.92   0.0208   0.9888
0.380   |      9.92   0.0335   0.9854      9.92   0.0307   0.9856      9.92   0.0300   0.9847
0.385   |      9.92   0.0399   0.9759      9.92   0.0381   0.9756      9.92   0.0376   0.9756
0.390   |      9.90   0.0316   0.9551      9.90   0.0324   0.9553      9.90   0.0326   0.9553
0.395   |      9.90   0.0263   0.9491      9.90   0.0268   0.9485      9.90   0.0269   0.9484
0.400   |      9.90   0.0257   0.9410      9.90   0.0258   0.9412      9.90   0.0258   0.9404
0.405   |      9.90   0.0270   0.9325      9.90   0.0270   0.9325      9.90   0.0270   0.9326
0.410   |      9.90   0.0290   0.9233      9.90   0.0288   0.9237      9.90   0.0288   0.9237
0.415   |      9.90   0.0309   0.9146      9.90   0.0307   0.9145      9.90   0.0307   0.9146
0.420   |      9.90   0.0327   0.9059      9.90   0.0325   0.9058      9.90   0.0325   0.9063
0.425   |      9.88   0.0335   0.8937      9.88   0.0337   0.8938      9.88   0.0337   0.8938
0.430   |      9.88   0.0343   0.8853      9.88   0.0344   0.8857      9.88   0.0344   0.8857

nq   2000: best sigma 0.375 kappa 9.92 rootloss 0.0184 slope 0.9915 mult 117.1
nq   8000: best sigma 0.375 kappa 9.92 rootloss 0.0202 slope 0.9900 mult 100.2
nq  32000: best sigma 0.375 kappa 9.92 rootloss 0.0208 slope 0.9888 mult 89.6

roughness, mean absolute change in slope between adjacent sigma over 0.36 to 0.43:
  nq   2000: 0.0119
  nq   8000: 0.0115
  nq  32000: 0.0114
DONE
