A. along the calibration valley: best kappa at each sigma, and the slope there
sigma   kappa   rootloss  rate     slope    mult     ratio    nstable
----------------------------------------------------------------------------
0.330   10.02   0.1898    0.2222   0.9258   13.5     0.736    2
0.340   10.00   0.1274    0.2643   0.9902   101.8    0.738    2
0.350   9.96    0.1370    0.2585   0.9598   24.9     0.761    2
0.360   9.94    0.0898    0.2912   0.9836   61.0     0.775    2
0.370   9.92    0.0667    0.3080   0.9781   45.6     0.795    2
0.380   9.92    0.0335    0.3715   0.9856   69.3     0.828    1
0.390   9.90    0.0316    0.3379   0.9556   22.5     0.839    1
0.400   9.90    0.0257    0.3513   0.9411   17.0     0.862    1
0.410   9.90    0.0290    0.3577   0.9240   13.2     0.885    1
0.420   9.90    0.0327    0.3610   0.9061   10.6     0.906    1
0.430   9.88    0.0343    0.3501   0.8856   8.7      0.923    1
0.440   9.88    0.0364    0.3525   0.8695   7.7      0.945    1
0.450   9.88    0.0387    0.3540   0.8533   6.8      0.965    1
0.460   9.88    0.0411    0.3548   0.8375   6.2      0.986    1
0.470   9.88    0.0434    0.3552   0.8222   5.6      1.007    1
0.480   9.88    0.0456    0.3552   0.8073   5.2      1.028    1
0.490   9.88    0.0477    0.3549   0.7929   4.8      1.048    1
0.500   9.88    0.0498    0.3545   0.7789   4.5      1.069    1

B. the equilibrium grid at the calibrated point (kappa 9.92, sigma 0.375)
ngrid    | rate      slope     stable crossings
------------------------------------------------
401      | 0.349734  0.990707  1
1601     | 0.349699  0.991785  1
6401     | 0.349715  0.991326  1
25601    | 0.349715  0.991393  1

C. the linearisation identity at shocks of decreasing size, calibrated point
shock    | map shift   predicted   measured    ratio
------------------------------------------------------------
0.0100   | +0.00772212 +0.89714235 +0.22489947 0.251
0.0030   | +0.00231456 +0.26890087 +0.15298129 0.569
0.0010   | +0.00077152 +0.08963362 +0.10472172 1.168
0.0003   | +0.00023146 +0.02689009 +0.05223898 1.943
0.0001   | +0.00007715 +0.00896336 +0.01045964 1.167
DONE
