sigma	kappa	rootloss	rate	lo	hi	sigbar	ratio	nstable
0.3	10.05	0.2137813471714735	0.20506911155299445	0.14803687198356405	0.2621011311275292	0.4393863497232474	0.6827704142128186	2.0
0.31	10.0	0.20277958219728068	0.21270727589629507	0.15406104496764078	0.27135152991586337	0.44349173927069463	0.6989983635541516	2.0
0.32	9.95	0.1964087899276842	0.2173543147970622	0.15850358063486936	0.2762046663335942	0.4460333353209266	0.7174351660728586	2.0
0.33	9.9	0.1933017702167549	0.2198804310098707	0.16173254001713666	0.27802782237494134	0.44760193852034863	0.7372622225249763	2.0
0.34	9.85	0.19211681161351246	0.2211499628267953	0.16418168503268865	0.2781160678809297	0.4486188689798106	0.7578816307329712	2.0
0.35	9.85	0.13261740254752372	0.26138404288195727	0.19205586194068464	0.3307110553193845	0.4606262195563441	0.7598351659988121	2.0
0.36	9.8	0.15147556057309142	0.24928580288300264	0.18573487109517334	0.312832807647826	0.4586320276251881	0.7849430007409032	1.0
0.37	9.8	0.10083884289329033	0.2842862343058043	0.21196156857231951	0.35661076094870814	0.464793962245786	0.7960516488042106	1.0
0.38	9.8	0.04888564199793287	0.32186483215689154	0.24194633864470885	0.40178232137146846	0.4657502707920424	0.8158878777542785	1.0
0.39	9.8	0.024991955422838313	0.3453889335394665	0.26244885859036576	0.42832919577740103	0.46411832774104034	0.8403029501080262	1.0
0.4	9.8	0.02559007084145769	0.35595369435010515	0.2730414418993924	0.43886700036523185	0.46317478903697407	0.863604862500556	1.0
0.41	9.8	0.030036296252405	0.36090181873373656	0.2791292370481736	0.4426742480554179	0.4629233286146315	0.8856758228775969	1.0
0.42	9.8	0.03373480621663472	0.36331930830875975	0.28310856300450693	0.44353005361301256	0.46304352465781967	0.9070421626355146	1.0
0.43	9.8	0.03664778129296871	0.36443557907324464	0.28595635958113363	0.44291479856535565	0.4633587793299864	0.928006588375809	1.0
0.44	9.8	0.039053336304769634	0.3647968545485497	0.288112828337688	0.44148088075941144	0.46378027003929856	0.9487251365020691	1.0
0.45	9.8	0.04115502381214345	0.36468449120492114	0.2898088560832945	0.43956012632654773	0.4642596192060533	0.9692852477016218	1.0
0.46	9.8	0.04307824446505286	0.3642553793357864	0.2911747354404235	0.4373360232311493	0.46476906777143084	0.9897388442946548	1.0
0.47	9.8	0.04489963774467342	0.3636042211481096	0.29229069708634187	0.43491774520987736	0.465291894203773	1.0101186069537784	1.0
0.48	9.8	0.04666605756035349	0.36279203192600823	0.29320953319282994	0.43237453065918663	0.46581753473519943	1.0304463962973458	1.0
0.49	9.8	0.04840673114296558	0.36185892837151545	0.2939676560662029	0.4297501397537799	0.466339491740005	1.0507366600493409	1.0
0.5	9.8	0.05013905330253339	0.3608329832021896	0.2945910694176129	0.4270748785331918	0.46685344486239216	1.0709999155032004	1.0
0.51	9.8	0.05187220949334083	0.3597343002007629	0.29509826871629125	0.424370480369031	0.4673563636496518	1.0912443686811881	1.0
0.52	9.8	0.053612204663770785	0.3585772357497324	0.29550364222289865	0.42165062552082533	0.4678463655549806	1.1114759850344298	1.0
0.53	9.8	0.05536326442217554	0.3573738431795388	0.29582088103296145	0.4189268941230053	0.4683225081188004	1.1316987563312968	1.0
0.54	9.8	0.057124668937836874	0.3561315476424725	0.2960570928392919	0.4162069237794143	0.4687839187306876	1.151916647358856	1.0
0.55	9.8	0.0588977395409472	0.3548583139466475	0.29622096317019797	0.4134956675632541	0.46922962261719486	1.172134011770819	1.0
0.56	9.8	0.0606816708145903	0.3535593008419265	0.29632003269885426	0.4107989828750915	0.4696600857140413	1.192351696543707	1.0
0.57	9.8	0.06247510239387608	0.35223863276100154	0.2963583878363229	0.40811875961313504	0.4700746837356703	1.2125732776550016	1.0
0.58	9.85	0.06399109586665541	0.3593986636616747	0.3036604034399985	0.41513710492698463	0.4692276905033823	1.236073683924711	1.0
0.59	9.85	0.06540171170054736	0.35762013234988077	0.3032340363390689	0.4120062996220136	0.46971487203708473	1.25608115715233	1.0
0.6	9.85	0.06687908008905459	0.3558655926153187	0.3027911631154401	0.40894023319017536	0.4701775700204451	1.2761136180399029	1.0
0.61	9.85	0.06841280970391939	0.354132747084805	0.3023309985883501	0.4059343771366978	0.47061692075085465	1.2961709898291884	1.0
0.62	9.9	0.06990267646443808	0.35950308097244804	0.30800960166006125	0.41099653487018206	0.46998938122507217	1.3191787405577353	1.0
0.63	9.9	0.07115347197830525	0.3575016069383193	0.3072523271792959	0.4077508863155412	0.47047088322651054	1.339083931569647	1.0
0.64	9.9	0.07249044361006075	0.35553773050166027	0.3064962143044153	0.4045792758308173	0.47092569956458485	1.359025427135831	1.0
0.65	9.9	0.07390052969308665	0.3536095318353204	0.3057404388470153	0.4014789554310614	0.47135514716612814	1.3790026562941273	1.0
0.66	9.95	0.07507035718665069	0.3577498365975981	0.31026385386653643	0.4052358799339911	0.4709003032126699	1.401570556436716	1.0
0.67	9.95	0.07629532541703606	0.35565241422407884	0.3093045780435983	0.40200058642480946	0.4713528010063472	1.4214405824459668	1.0
0.68	10.0	0.07757871270070536	0.3592235985462467	0.31329924794704267	0.4051484462516916	0.47095160383234036	1.443885092367328	1.0
0.69	10.0	0.07865667784259912	0.3570027154331231	0.31217885392695527	0.40182673881119546	0.47141839324763135	1.4636679643459518	1.0
0.7	10.0	0.079836106105723	0.3548298822841625	0.3110755454096312	0.3985842281878378	0.4718567862567948	1.4835009697604404	1.0
0.71	10.05	0.0809195674161431	0.3577802009446041	0.31446769690850673	0.40109302252102835	0.471543820017609	1.5056925143743507	1.0
0.72	10.05	0.08200108735609438	0.35552081191115964	0.3132409169376398	0.39780072076677336	0.47198831936698304	1.5254614795672126	1.0
0.73	10.1	0.08306329136923477	0.3580781692027778	0.31625462443333063	0.3999017453967836	0.47172033578278644	1.5475270931210052	1.0
0.74	10.1	0.08407706123943169	0.35575656563269376	0.31492879299697596	0.39658460833603304	0.47216551385225103	1.5672470315813007	1.0
0.75	10.15	0.08508874370698294	0.3579733958511963	0.317609668923032	0.3983373735302721	0.47193923822904643	1.58918763104839	1.0
0.76	10.15	0.08606089475973781	0.3556082170379321	0.31620372549011566	0.3950132348826004	0.4723803970333478	1.6088728591892598	1.0
0.77	10.2	0.0870088133551619	0.3575277456203154	0.3185900193550163	0.39646549854204405	0.47219208694751547	1.6306922993514419	1.0
0.78	10.2	0.08796162577916519	0.35513328243305825	0.31711943731923825	0.39314730662789366	0.47262549503876733	1.6503553197781262	1.0
0.79	10.25	0.08884161909700626	0.3567906201359133	0.3192431453732065	0.39433834261717915	0.47247177402174356	1.672057556529596	1.0
0.8	10.3	0.08975812360700161	0.35827712525553695	0.32120384182840905	0.39535081279355855	0.4723327182021433	1.6937213306862762	1.0
0.81	10.3	0.09060633746213495	0.3558028656925223	0.3196080772625457	0.39199806927253417	0.472771538764231	1.7133011054710368	1.0
0.82	10.35	0.0914450926246352	0.35707521419774646	0.3213484560296781	0.3928020735750919	0.47266216098078234	1.734854337183424	1.0
0.83	10.4	0.09229633134147179	0.35820342216386086	0.32294923484699245	0.3934577864393948	0.47256706712158286	1.756364456489847	1.0
0.84	10.4	0.09309188673057182	0.3556812796104657	0.3212615567486154	0.3901010024723161	0.47300206778153453	1.775890756545214	1.0
0.85	10.45	0.0938711737157427	0.3566327502918618	0.3226777211083261	0.3905883335592115	0.4729321094261099	1.797298138693631	1.0
0.86	10.5	0.0946516608375449	0.35746208729036116	0.32397364664367884	0.3909505588380231	0.4728749155285859	1.8186627620936089	1.0
0.87	10.55	0.09542594177033795	0.3581757536751837	0.32515511071718095	0.39119677138248105	0.4728308528444674	1.8399814537613879	1.0
0.88	10.55	0.09615476063840526	0.3555953174918451	0.32335644255585066	0.387834331589058	0.4732624494873796	1.8594333882884295	1.0
0.89	10.6	0.09686876488688977	0.3561719046634855	0.32439002502562997	0.387954196053257	0.4732373607553021	1.8806630114315812	1.0
0.9	10.65	0.09757456069591719	0.35664966316648583	0.32532439526582885	0.38797556632392033	0.47322351048512956	1.9018497180694942	1.0
0.91	10.7	0.09826966196068382	0.35703412744708746	0.32616440784630263	0.3879040304102662	0.4732204482935732	1.9229938251431193	1.0
0.92	10.75	0.09895148820191402	0.35732952248556743	0.3269138602717697	0.387745240218372	0.47322811038934787	1.9440941478372262	1.0
0.93	10.8	0.09962018869017185	0.3575407283196416	0.32757807495121427	0.3875034058405642	0.47324611785285714	1.9651508272681868	1.0
0.94	10.85	0.10027403065566716	0.35767277933973585	0.3281609321079829	0.38718479550343754	0.47327387838106044	1.9861649732613196	1.0
0.95	10.9	0.10091275668610139	0.35773000824589435	0.3286663121280152	0.3867940208669624	0.4733108546136845	2.0071375729918306	1.0
0.96	10.95	0.10153739244270926	0.3577159638624043	0.3290979389046506	0.38633401123754607	0.4733565707608032	2.028069449753361	1.0
0.97	11.0	0.1021474433273785	0.3576338915336706	0.3294585227252754	0.38580932042237837	0.4734106962336348	2.0489608868518077	1.0
0.98	11.05	0.10274415235199741	0.3574884288203387	0.329752557298907	0.38522430666665924	0.47347248840204254	2.0698140314497993	1.0
0.99	11.1	0.1033283295051624	0.35728181674295534	0.3299823031941965	0.3845815404180209	0.4735416556695854	2.090629173055843	1.0
1.0	11.15	0.10390119337069888	0.3570173606162297	0.33015088143426924	0.3838842364547979	0.4736175966656365	2.111408036863921	1.0
