valley floor: best kappa at each sigma, omega = 0.30, 2000 nodes
sigma  kappa*  | rate    groups        rtloss   | slope   mult   | sigbar   ratio  | stable
0.45   9.90    | 0.2886  0.201 / 0.376 | 0.0886   | 0.9767  42.99  | 0.4604   0.977  | 1
0.50   10.00   | 0.3665  0.278 / 0.455 | 0.0286   | 0.8873  8.87   | 0.4603   1.086  | 1
0.55   10.05   | 0.3488  0.269 / 0.428 | 0.0290   | 0.8196  5.54   | 0.4648   1.183  | 1
0.60   10.15   | 0.3482  0.275 / 0.422 | 0.0378   | 0.7575  4.12   | 0.4665   1.286  | 1
0.65   10.30   | 0.3524  0.284 / 0.421 | 0.0449   | 0.7038  3.38   | 0.4674   1.391  | 1
0.70   10.45   | 0.3510  0.287 / 0.415 | 0.0515   | 0.6567  2.91   | 0.4686   1.494  | 1
0.75   10.65   | 0.3527  0.293 / 0.412 | 0.0572   | 0.6149  2.60   | 0.4693   1.598  | 1
0.80   10.85   | 0.3510  0.295 / 0.407 | 0.0623   | 0.5791  2.38   | 0.4702   1.701  | 1
0.85   11.10   | 0.3513  0.299 / 0.404 | 0.0667   | 0.5467  2.21   | 0.4708   1.806  | 1
0.90   11.40   | 0.3528  0.303 / 0.403 | 0.0707   | 0.5170  2.07   | 0.4711   1.911  | 1
0.95   11.70   | 0.3517  0.304 / 0.399 | 0.0744   | 0.4916  1.97   | 0.4717   2.014  | 1
1.00   12.05   | 0.3514  0.306 / 0.397 | 0.0776   | 0.4678  1.88   | 0.4720   2.118  | 1
DONE
