valley floor: best kappa at each sigma, omega = 0.30, 2000 nodes
sigma  kappa*  | rate    groups        rtloss   | slope   mult   | sigbar   ratio  | stable
0.45   9.95    | 0.4149  0.313 / 0.516 | 0.0919   | 0.9545  21.99  | 0.4464   1.008  | 1
0.50   10.00   | 0.3623  0.274 / 0.451 | 0.0238   | 0.8928  9.33   | 0.4608   1.085  | 1
0.55   10.05   | 0.3461  0.266 / 0.426 | 0.0292   | 0.8231  5.65   | 0.4650   1.183  | 1
0.60   10.15   | 0.3464  0.273 / 0.420 | 0.0378   | 0.7605  4.18   | 0.4666   1.286  | 1
0.65   10.30   | 0.3511  0.283 / 0.420 | 0.0445   | 0.7054  3.39   | 0.4675   1.390  | 1
0.70   10.45   | 0.3500  0.286 / 0.414 | 0.0512   | 0.6581  2.92   | 0.4687   1.494  | 1
0.75   10.65   | 0.3519  0.292 / 0.412 | 0.0569   | 0.6171  2.61   | 0.4693   1.598  | 1
0.80   10.85   | 0.3503  0.294 / 0.406 | 0.0620   | 0.5801  2.38   | 0.4702   1.701  | 1
0.85   11.10   | 0.3507  0.298 / 0.404 | 0.0665   | 0.5474  2.21   | 0.4708   1.805  | 1
0.90   11.40   | 0.3523  0.302 / 0.403 | 0.0705   | 0.5187  2.08   | 0.4711   1.910  | 1
0.95   11.70   | 0.3512  0.304 / 0.399 | 0.0742   | 0.4921  1.97   | 0.4717   2.014  | 1
1.00   12.10   | 0.3539  0.309 / 0.399 | 0.0775   | 0.4679  1.88   | 0.4717   2.120  | 1
DONE
